2147483647C
1050840450 2018
114722 1
62479 1
20868 1
21466 1
115231 1
106152 1
62322 1
2293 1
67515 1
15995 1
32800 1
36720 1
143222 1
59372 1
62254 1
15930 1
138498 1
63869 1
39763 1
164576 1
62681 1
-903195 -13
23875 1
17799 1
90025 1
70337 1
91256 1
62406 1
20743 1
1692 1
-1692 -1
39587 1
1838 1
1821 1
1777 1
1790 1
1905 1
1782 1
1795 1
1914 1
1903 1
1773 1
1785 1
1917 1
134509 1
1760 1
1642 1
64937 1
1855 1
-134509 -1
-64937 -1
15575 1
29978 1
22811 1
21220 1
40679 1
27963 1
18067 1
22622 1
18385 1
11848 1
826855 1
36869 1
40671 1
13953 1
131827 1
11008 1
64789 1
16941 1
62193 1
21910 1
18006 1
62845 1
16785 1
39754 1
3650 1
11116 1
332770 1
336188 1
62430 1
1659082 1
14683 1
44663 1
19241 1
54240 1
-54240 -1
45512 1
62504 1
4369 1
25644 1
69899 1
16380 1
18559 1
16347 1
93297 1
29519 1
18251 1
27739 1
40703 1
7562309 1
38132 1
39401 1
62733 1
17863 1
46672 1
40299 1
2161 1
17822 1
63059 1
2353 1
2149 1
18225 1
2464 1
19010 1
39389 1
108003 1
2403 1
62451 1
18346 1
71495 1
65361 1
3351 1
2570 1
3124 1
3320 1
79215 1
18414 1
71498 1
17206 1
18374 1
62557 1
18306 1
49958 1
71515 1
62508 1
27068 1
15523 1
21439 1
22630 1
22520 1
22584 1
85537 1
17050 1
30877 1
18177206 1
128426 1
17047 1
71520 1
62563 1
24919 1
17318 1
71543 1
61991 1
25884 1
17849 1
71555 1
1799 1
55573 1
17846 1
62120 1
87464 1
17940 1
55573 1
62649 1
16539 1
55567 1
16499 1
62289 1
14306 1
16099 1
64240 1
24589 1
39999 1
8231 1
43842 1
78476 1
39970 1
4644900 1
14701 1
62233 1
39974 1
5115 1
128623 1
39992 1
62452 1
59962 1
1679 1
18996 1
39254 1
62240 1
15527 1
15628 1
62411 1
20861 1
18393 1
25438 1
24162 1
62493 1
15860 1
62548 1
2141 1
4700675 1
46847 1
14454 1
-407540 -2
11947445 1
1922 1
2075 1
1764 1
303132 1
62224 1
1209 1
304184 1
4329873 1
4328802 1
15879 1
6727 1
81216 1
62316 1
1074653 1
4244 1
25112 1
-2141 -1
25813 1
26112 1
37916 1
26876 1
1920 1
19905 1
62219 1
1730 1
1734 1
133414 1
21623 1
24630 1
62294 1
21874 1
20017 1
7911 1
20019 1
3251 1
1775 1
63886 1
25335 1
17212 1
5515 1
17172 1
62449 1
15137 1
1213 1
1898 1
62432 1
1918 1
1827 1
1842 1
15147 1
19144 1
4567 1
47419 1
1825 1
1820 1
-1898 -1
62470 1
3515 1
1841 1
1843 1
20450 1
2850 1
2845 1
2884 1
2884 1
-7329 -4
62414 1
1692 1
59150 1
19787 1
62152 1
20752 1
5629 1
165715 1
62014 1
1817 1
29470 1
20747 1
16082 1
29157869 1
15810 1
1904 1
3019 1
-1904 -1
-2845 -1
-2884 -1
-2850 -1
29158453 1
14894 1
62297 1
15625 1
93087 1
65577 1
14619 1
46195 1
3550 1
64009 1
11802 1
43017 1
23426 1
22449 1
23524 1
21344 1
2551 1
64331 1
1790 1
128504 1
22890 1
19854 1
55152 1
1213 1
63907 1
19974 1
70015 1
14956 1
2780 1
-1790 -1
64071 1
10973 1
27446 1
22038 1
16165 1
1215 1
14297 1
71810 1
64166 1
26054 1
29382 1
15045 1
5130 1
18821 1
65142 1
18387 1
1782 1
2761 1
-1782 -1
64166 1
64054 1
15606 1
64240 1
43127 1
20632 1
79750 1
64287 1
19848 1
64160 1
16168 1
11036 1
2542 1
3214 1
27630 1
29512 1
63975 1
7753 1
11261 1
16771 1
64113 1
15935 1
58428 1
64028 1
20833 1
64320 1
34812 1
43203 1
121024 1
64362 1
16032 1
24465 1
40777 1
3537 1
41687 1
1736 1
64051 1
20656 1
64228 1
3254 1
3248 1
3254 1
1092526 1
1835 1
21378 1
20053 1
1810 1
1795 1
18195 1
64302 1
15741 1
54557 1
8053 1
64460 1
46107 1
20593 1
64064 1
13243 1
64326 1
2134 1
19371 1
20240 1
174054 1
64443 1
31602 1
43192 1
1692 1
107247 1
23962 1
64290 1
-64290 -1
132774 1
15001 1
64025 1
23961 1
16460 1
16014 1
4335 1
16431 1
64256 1
1705 1
1760 1
-3465 -2
16052 1
64742 1
31235 1
16063 1
64669 1
64646 1
15383 1
15362 1
64277 1
93355 1
31516 1
32124 1
64341 1
14404 1
17404 1
43238 1
4860 1
35675 1
117475 1
1692 1
20813 1
19541 1
116389 1
64261 1
26434 1
63788 1
3404 1
4106 1
3737 1
16279 1
39032 1
9217 1
3041 1
2013 1
3300 1
2116 1
2066 1
-4182 -2
8404 1
2078 1
67163 1
2091 1
67103 1
15261 1
12892 1
107891 1
64226 1
27574 1
70653 1
17705 1
6932 1
64255 1
85113 1
9000 1
20261 1
19252 1
7874 1
1206 1
8597 1
8603 1
64274 1
21155 1
43219 1
8622 1
6841 1
16110376 1
64497 1
14476 1
8188 1
31165 1
49452 1
49747 1
845424 1
6153 1
81685 1
11770 1
62180 1
91280 1
8982 1
2475 1
2471 1
67938 1
-67938 -1
50254 1
70253 1
60504 1
63758 1
64568 1
11256 1
1759 1
11253 1
3712 1
3743 1
66400 1
5236 1
2304 1
2293 1
2296 1
6029 1
6056 1
94627 1
49375 1
49653 1
-49375 -1
1673 1
26733 1
1297 1
11398 1
21295 1
11110 1
15270 1
1214 1
64367 1
6011 1
4287 1
7050 1
1303 1
6246 1
17998 1
27728 1
137763 1
49715 1
-49653 -1
53472 1
13090 1
20663 1
17078 1
89365 1
20646 1
64070 1
3089 1
14368 1
75014 1
20547 1
26529 1
39337 1
65084 1
1947192 1
64323 1
19263 1
87654 1
19698 1
6481 1
26506 1
8192054 1
142311 1
1626312 1
108056 1
64203 1
75082 1
1685 1
23319 1
43209 1
18905 1
5203 1
26708799 1
64095 1
45704 1
27917 1
63949 1
1686 1
15460 1
20437 1
26979 1
23279 1
24627 1
584 1
15380 1
968 1
6844 1
64361 1
11389 1
66848 1
20682 1
64347 1
16322843 1
2732861 1
18685 1
34213621 1
3545745 1
20842 1
48175 1
16007 1
8621 1
26804 1
68434 1
64975 1
102074 1
40843 1
37280 1
10395 1
10637 1
2617180 1
490 1
