2147483647C
38235569 173
97922 1
1214 1
25739212 1
-41321 -1
-51164 -1
-97922 -1
-1214 -1
15420 1
44216 1
1898 1
1206 1
40755 1
48721 1
24474 1
48596 1
21390 1
24496 1
43204 1
43208 1
2067 1
1217 1
32863 1
1210 1
-15420 -1
-44216 -1
-1898 -1
-1206 -1
-40755 -1
-48721 -1
-24474 -1
-48596 -1
-21390 -1
-24496 -1
-43204 -1
-43208 -1
-2067 -1
-1217 -1
-32863 -1
-1210 -1
17390 1
17380 1
19994 1
5229 1
98100 1
32865 1
1315 1
1223 1
3396 1
3530 1
51392 1
9436 1
1212 1
38957 1
3752 1
3948 1
62916 1
59973 1
9828 1
48448 1
49011 1
48847 1
42687 1
58231 1
32635 1
9474 1
54526 1
121648 1
86172 1
39511 1
49435 1
6732 1
127178 1
1322 1
1218 1
86239 1
1797 1
39596 1
98023 1
18373 1
59171 1
1215 1
41530 1
122607 1
90025 1
52331 1
86490 1
42088 1
88084 1
1210 1
136919 1
21103 1
1692 1
17680 1
1325 1
1320 1
126694 1
42026 1
1214 1
41593 1
21152 1
61645 1
58697 1
1465 1
67709 1
55956 1
60270 1
1922 1
302419 1
304898 1
4329873 1
19108 1
19188 1
47472 1
44249 1
23913 1
33615 1
4567 1
3515 1
5629 1
1159 1
838 1
775 1
-1159 -1
4887 1
34223 1
29157869 1
97806 1
29158453 1
4881 1
3537 1
17670 1
17678 1
17686 1
17673 1
17671 1
5048 1
33182 1
2819 1
3220 1
3814 1
4160 1
4603 1
5269 1
5910 1
6260 1
6331 1
10247 1
-42386 -9
10553 1
13393 1
10552 1
4133 1
1386 1
12376 1
-1386 -1
16119 1
92571 1
5833 1
18351 1
1258 1
109393 1
-1258 -1
12250 1
4335 1
47383 1
24496 1
7786 1
98300 1
3284 1
-98300 -1
16110376 1
8911 1
3062 1
692 1
10024 1
2998 1
3029 1
65716 1
4522 1
3737 1
43087 1
46311 1
