2147483647C
0 0
71276 1
22658 1
11700 1
22109 1
11728 1
34935 1
35147 1
39434 1
32228 1
39209 1
33877 1
34481 1
39305 1
40924 1
37767 1
28843 1
5203 1
89506 1
37064 1
2511 1
38706 1
2002 1
37756 1
374 1
402 1
-374 -1
470 1
-402 -1
28776 1
13164776 1
37507 1
-37507 -1
36839 1
-36839 -1
37335 1
-37335 -1
30217 1
-30217 -1
37385 1
-37385 -1
31232 1
-31232 -1
37326 1
37234 1
24023 1
38274 1
38113 1
20539 1
37736 1
37861 1
39133 1
38258 1
597 1
-348497 -10
2293817 1
2294045 1
2294828 1
2295037 1
-6882690 -3
3716 1
4279 1
26226 1
4682049 1
189554931 1
-189554931 -1
37974 1
-503529 -15
136993 1
4168 1
4229 1
204813 1
1864983 1
214617 1
5345 1
304747 1
3051337 1
1136 1
1367 1
1506 1
2045 1
2677 1
3321 1
3823 1
5364033 1
5366773 1
5368573 1
-5379908 -8
1634 1
1857 1
1827 1
-3491 -2
2536 1
2553 1
1603 1
1206 1
-1603 -1
926907 1
80163 1
81016 1
3242 1
2531 1
2529 1
966032 1
31733 1
2533 1
2541 1
3442 1
5215 1
8202 1
2540 1
979194 1
10248652 1
2543 1
2537 1
8298029 1
8298320 1
8299705 1
27137 1
10119683 1
2534 1
2545 1
1036444 1
1658333 1
-16596349 -2
4329873 1
1073904 1
3495 1
2532 1
30226 1
2535 1
2529 1
2535 1
1091777 1
13243 1
4335 1
1229 1
