2147483647C
0 0
288 1
9546 1
30231 1
2640 1
2622 1
17645100 1
2610 1
2513 1
2507 1
2589 1
2411 1
1935 1
1946 1
-17684877 -3
21773 9
-21773 -9
2094 1
1879 1
1886 1
-1879 -1
1904 1
-1886 -1
1873 1
-1904 -1
-2640 -1
2160 1
1946 1
647 1
2160 1
-2160 -1
1868 1
6013 1
5779 1
-6013 -1
2267 1
-2267 -1
611 1
2094 1
-2094 -1
2457 1
-2457 -1
1974 1
1946 1
-1946 -1
1974 1
-1974 -1
1990 1
578 1
1990 1
-1990 -1
2009 1
5574 1
681 1
2009 1
-2009 -1
-5574 -1
8381 1
-8381 -1
2017 1
2076 1
2017 1
-2017 -1
2076 1
-2076 -1
3961 1
-3961 -1
3858 1
11704 1
4647 1
4876 1
-11704 -1
2554 1
4823 1
-4823 -1
14207 1
2554 1
-2554 -1
571 1
964 1
1110 1
-964 -1
1110 1
-1110 -1
4859 1
5456 1
4716 1
6163 1
7914 1
-6163 -1
-5456 -1
-4859 -1
-14207 -1
-7914 -1
2386 1
2323 1
2656 1
5651 1
2500 1
2386 1
-2386 -1
2323 1
-2323 -1
2656 1
-2656 -1
-5651 -1
2500 1
-2500 -1
-2507 -1
-2610 -1
-2622 -1
2272 1
586 1
2272 1
-2272 -1
2062 1
2062 1
-2062 -1
569 1
2293 1
2293 1
-2293 -1
4113 1
4473 1
9228 1
10086 1
20449 1
12090 1
12964 1
-25054 -2
13216 1
5222 1
-9228 -1
-10086 -1
-20449 -1
12361 1
1430 1
1612 1
-1430 -1
3929 1
-3929 -1
15300 1
-28516 -2
4623 1
4329873 1
8463 1
-8463 -1
-4346857 -3
