2147483647C
20795694 389
63738 1
571047 1
48276 1
40911 1
76160 1
59237 1
40913 1
68987 1
76436 1
68933 1
65405 1
48512 1
62118 1
55309 1
64472 1
62172 1
51850 1
54269 1
78666 1
61703 1
47564 1
55710 1
55712 1
40911 1
63115 1
44882 1
51885 1
62082 1
55722 1
55714 1
63115 1
55718 1
55722 1
55723 1
55688 1
48511 1
59051 1
71289 1
66687 1
48512 1
58241 1
54269 1
55709 1
59364 1
55712 1
55710 1
59405 1
43198 1
59235 1
48512 1
68925 1
55676 1
62175 1
40917 1
60497 1
55311 1
48510 1
49132 1
63113 1
61781 1
68983 1
61159 1
47569 1
47782 1
57810 1
63149 1
68920 1
44216 1
40921 1
59069 1
32543 1
32794 1
54321 1
60354 1
74021 1
46861 1
55741 1
49145 1
55690 1
46882 1
68915 1
59251 1
55700 1
71306 1
62086 1
40925 1
59355 1
59347 1
59350 1
59410 1
59347 1
59346 1
59364 1
59364 1
59349 1
59352 1
59346 1
59346 1
59339 1
68954 1
44828 1
48513 1
68927 1
55633 1
55444 1
46994 1
49254 1
48511 1
35742 1
55706 1
55712 1
47545 1
78244 1
40920 1
72613 1
64223 1
70269 1
48508 1
59045 1
76038 1
63699 1
58140 1
68949 1
55709 1
71312 1
59252 1
40919 1
76160 1
56539 1
76436 1
55473 1
59344 1
68986 1
49266 1
60974 1
58238 1
68863 1
47530 1
59044 1
44339 1
56437 1
63181 1
61240 1
49268 1
56441 1
40908 1
91880 1
57928 1
72632 1
59237 1
57925 1
59294 1
59319 1
59349 1
59328 1
59322 1
59377 1
59322 1
59302 1
59303 1
59348 1
59299 1
57605 1
56430 1
59943 1
56449 1
59318 1
56425 1
61827 1
59316 1
59353 1
56382 1
55314 1
49255 1
47530 1
56438 1
44816 1
56435 1
59117 1
40878 1
56411 1
61798 1
61783 1
61840 1
61816 1
61812 1
61804 1
61810 1
61813 1
61807 1
61810 1
61815 1
61793 1
59332 1
40884 1
59037 1
44806 1
59323 1
59302 1
59297 1
59337 1
59328 1
59304 1
59312 1
60993 1
59323 1
59315 1
59323 1
49071 1
63113 1
36444 1
59223 1
51846 1
36131 1
44093 1
58517 1
34394 1
61182 1
56755 1
56779 1
49199 1
47532 1
57755 1
40905 1
59380 1
56794 1
56796 1
56796 1
56796 1
56793 1
49221 1
59037 1
56203 1
69035 1
69027 1
40906 1
59349 1
59181 1
70234 1
44939 1
69044 1
63964 1
59094 1
65454 1
56735 1
76160 1
55300 1
48850 1
76436 1
50065 1
2669 1
60320 1
47554 1
55705 1
44805 1
