2147483647C
0 0
71276 1
7717 1
8027 1
39450 1
1395 1
39225 1
39321 1
40940 1
37783 1
28843 1
8468 1
4859 1
5203 1
37080 1
2511 1
38706 1
2002 1
3971 1
2645 1
3500 1
26547 1
37772 1
858 1
-37772 -1
-37080 -1
-37783 -1
-40940 -1
-39321 -1
-39225 -1
-39450 -1
11607043 1
271094 1
30217 1
1114 1
678 1
4894300 1
4895647 1
30217 1
-30217 -1
271094 1
-271094 -1
11607043 1
-11607043 -1
26547 1
-26547 -1
3971 1
-3971 -1
2002 1
-2002 -1
38706 1
-38706 -1
2511 1
-2511 -1
5203 1
-5203 -1
8468 1
-8468 -1
28843 1
-28843 -1
1395 1
-1395 -1
8027 1
-8027 -1
7717 1
-7717 -1
71276 1
-71276 -1
561932 1
562293 1
295263 1
388236 1
928064 1
-388236 -1
-295263 -1
-561932 -1
4481 1
4979 1
21952 1
3088 1
-1114 -1
643045 1
23885 1
3562 1
4329873 1
10550 1
13243 1
3468 1
3281 1
1354 1
16109210 1
16131333 1
5318 1
5332 1
5784 1
-16110564 -2
16090121 1
16113235 1
