2147483647C
0 0
71158 1
31550 1
37067 1
38630 1
34831 1
21954 1
37059 1
29967 1
22658 1
34930 1
39352 1
1405 1
32221 1
39012 1
7919 1
33876 1
21922 1
39148 1
40790 1
28410 1
7128 1
7165 1
1314 1
9264 1
37688 1
28843 1
5203 1
22658 1
-22658 -1
34046 2
-34046 -2
21076 1
-37688 -1
-40790 -1
-39148 -1
-21922 -1
-33876 -1
-7919 -1
-39012 -1
-32221 -1
-1405 -1
-39352 -1
-34930 -1
-29967 -1
-37059 -1
-21954 -1
-34831 -1
-38630 -1
-37067 -1
-31550 -1
651 1
739 1
-651 -1
-71158 -1
252 1
36964 1
-36964 -1
2511 1
38706 1
2002 1
37677 1
-37677 -1
37422 1
36685 1
37589 1
37172 1
30217 1
2201 1
2209 1
-2201 -1
2245 1
-2209 -1
2283 1
-2245 -1
2315 1
-2283 -1
2347 1
-2315 -1
2405 1
-2347 -1
2421 1
-2405 -1
2417 1
-2421 -1
2439 1
-2417 -1
2513 1
-2439 -1
2573 1
-2513 -1
2595 1
-2573 -1
2623 1
-2595 -1
2681 1
-2623 -1
2741 1
-2681 -1
2807 1
-2741 -1
2829 1
-2807 -1
2869 1
-2829 -1
2927 1
-2869 -1
2955 1
-2927 -1
2997 1
-2955 -1
3083 1
-2997 -1
3009 1
-3083 -1
3311 1
-3009 -1
-37172 -1
-37589 -1
-36685 -1
-37422 -1
7924 1
37185 1
-37185 -1
31152 1
36996 1
37044 1
23865 1
38164 1
37928 1
20381 1
37626 1
37751 1
39051 1
38104 1
37892 1
39664 1
27932 1
39673 1
39776 1
39850 1
40323 1
4329873 1
13243 1
4335 1
2024 1
7145 1
