2147483647C
0 0
71276 1
39318 1
31562 1
34604 1
38713 1
31433 1
34845 1
37072 1
36276 1
29981 1
22006 1
34947 1
39436 1
39211 1
33889 1
22379 1
39307 1
40926 1
341280 1
28410 1
70869 1
689 1
-689 -1
37769 1
28843 1
5087 1
11470 1
37061 1
2705 1
2705 1
2685 1
2681 1
2673 1
2651 1
2645 1
2665 1
2643 1
2685 1
2689 1
2695 1
2702 1
2702 1
2278 1
2511 1
38706 1
2750 1
2817 1
2002 1
2733 1
647122 1
2707 1
2741 1
2725 1
37758 1
2759 1
2751 1
2715 1
1614 1
1679 1
2763 1
1766 1
2759 1
1829 1
1689 1
2729 1
2759 1
2754 1
2744 1
2760 1
2734 1
37509 1
1722 1
74094 1
1738 1
2742 1
2778 1
2726 1
1795 1
2728 1
2746 1
36841 1
2806 1
2748 1
37337 1
30217 1
37386 1
2003 1
1981 1
2782 1
2762 1
31234 1
2732 1
1857 1
2748 1
2740 1
2752 1
2782 1
37328 1
2822 1
1851 1
2736 1
3327 1
1766 1
2752 1
1736 1
37236 1
2718 1
2349 1
2722 1
2722 1
2722 1
3352 1
1840 1
2730 1
2730 1
5275 1
2730 1
2317 1
24025 1
2758 1
2770 1
1985 1
2716 1
2260 1
38276 1
-38276 -1
1874 1
2758 1
2720 1
2724 1
38115 1
2728 1
2728 1
2724 1
2710 1
3430 1
1866 1
2734 1
2724 1
2742 1
37738 1
1978 1
1854 1
20551 1
2316 1
2770 1
2718 1
2768 1
2744 1
3906 1
1150 1
5223 1
2746 1
37863 1
1853 1
1853 1
2053 1
2752 1
2726 1
1923 1
2095 1
2728 1
7542 1
2638 1
8903 1
2738 1
2738 1
9780 1
3527 1
11365 1
2742 1
39135 1
2191 1
12122 1
6685 1
4379 1
1734 1
2732 1
1511 1
1511 1
-1511 -1
3174 1
2748 1
2774 1
496344 1
827 1
1011 1
-827 -1
38260 1
271589 1
25163 1
1938 1
2766 1
2766 1
37976 1
179120 1
934 1
-179120 -1
179376 1
-934 -1
2768 1
39860 1
2720 1
2834 1
1841 1
1775 1
2744 1
2748 1
1902 1
2732 1
2734 1
39817 1
2726 1
2748 1
39857 1
2752 1
2730 1
2738 1
2780 1
39986 1
2722 1
2742 1
2750 1
2746 1
2780 1
2910 1
2994 1
2734 1
2542 1
2772 1
2726 1
129995 1
126103 1
5921 1
2720 1
2028 1
2706 1
2778 1
24196 1
2959 1
1850 1
179678 1
1764 1
180366 1
178444 1
10762 1
1692 1
1838 1
1821 1
1777 1
1790 1
1905 1
1782 1
1795 1
1914 1
1903 1
1773 1
1785 1
1917 1
1760 1
1642 1
1855 1
5877 1
191996 1
2744 1
2750 1
15300 1
1764 1
4329873 1
6808 1
1257 1
1081 1
9109 1
1846 1
1730 1
1734 1
44966 1
1779 1
10854 1
2873 1
2876 1
-2873 -1
14249 1
4009 1
18027 1
4812 1
20445 1
5716 1
23067 1
1898 1
1918 1
1827 1
1842 1
1825 1
1820 1
1841 1
1843 1
2754 1
2754 1
1817 1
1904 1
1790 1
1782 1
2748 1
3641 1
1198 1
5967 1
1877 1
3898 1
1736 1
4289 1
13243 1
4889 1
4335 1
1705 1
1760 1
15206 1
1687 1
118336 1
116389 1
