2147483647C
0 0
7376 1
6181 1
29051 1
6117 1
3037 1
11768 1
3718 1
3043 1
16145404 1
12424238 1
18547994 1
14930240 1
749 1
4002 1
25479 1
52401 1
52286 1
35110 1
65483 1
65527 1
71072 1
71037 1
34262 1
34202 1
38275 1
38366 1
25441 1
28765 1
41704 1
41180 1
38670 1
46786 1
-806046 -18
27019 1
27018 1
35826 1
35770 1
35485 1
36435 1
36301 1
-233854 -7
33227 1
37317 1
31601 1
41156 1
41202 1
38918 1
39571 1
42562 1
38774 1
71344 1
74432 1
48692 1
36455 1
63477 1
36465 1
80531 1
35007 1
41383 1
27032 1
69738 1
69865 1
69467 1
27019 1
53151 1
35401 1
80338 1
80199 1
81906 1
51892 1
57451 1
-1535573 -30
69249 1
49197 1
49214 1
43375 1
39823 1
37818 1
73067 1
43782 1
27038 1
40530 1
34210 1
-507303 -11
34414 1
41076 1
34204 1
-109694 -3
38285 1
100803 1
39728 1
40390 1
35585 1
36590 1
35672 1
45197 1
37893 1
4329873 1
61243 1
93294 1
93288 1
54258 1
54200 1
40946 1
49502 1
49469 1
85276 1
64061 1
64054 1
106976 1
-1226710 -21
86397 1
94554 1
94513 1
12190 1
93421 1
93635 1
68865 1
52481 1
46752 1
