2147483647C
0 0
71412 1
31574 1
37081 1
38791 1
31438 1
34851 1
17483 1
37076 1
36278 1
30000 1
31287 1
34946 1
35163 1
39571 1
32244 1
39324 1
39518 1
41269 1
37997 1
28843 1
5203 1
37204 1
2511 1
38706 1
2002 1
37779 1
37530 1
37098 1
37548 1
30217 1
37454 1
31255 1
37398 1
37285 1
24095 1
38418 1
38182 1
20602 1
37880 1
37929 1
39184 1
38312 1
38025 1
39987 1
39959 1
39963 1
40058 1
-1411553 -39
-196377 -8
3118 1
2402 1
96489 1
4329873 1
13243 1
110116 1
4335 1
-96489 -1
