262144000S,0C
0 0
89440 1
1728 1
2858 1
-1728 -1
1728 1
4982 1
2674 1
2938 1
-2938 -1
-6710 -2
33761 1
42541 1
9494 1
-9494 -1
4032 1
-4032 -1
8854 1
10188261 1
42260 1
-42260 -1
1841 1
5069 1
1775 1
-3616 -2
1902 1
-1902 -1
3221 1
912357 1
3440 1
6312 1
6560128 1
2831 1
10428 1
122861 1
3482 1
105374 1
2508 1
-133289 -2
-6312 -1
48496 1
3396 1
42530 1
-42530 -1
9928 1
1269 1
44401 1
42536 1
42260 1
-42260 -1
2028 1
643780 1
-42536 -1
-3297 -2
3718 1
18879 1
1850 1
1838 1
1821 1
1777 1
1790 1
1905 1
1782 1
1795 1
1914 1
1903 1
1773 1
1785 1
1917 1
1760 1
1855 1
2161 1
2353 1
2149 1
2464 1
-5532 -3
-3558 -2
-5612 -3
-3687 -2
-1790 -1
-5436 -3
-1850 -1
2403 1
42259 1
-89440 -1
-42259 -1
96489 1
2075 1
1764 1
4329873 1
1730 1
1734 1
1898 1
1918 1
1827 1
1842 1
-10949 -6
-1764 -1
-2075 -1
-101356 -3
-25542 -4
-9928 -1
1825 1
1820 1
1841 1
1843 1
45129 1
-45129 -1
6147 1
3928 1
17172 1
14881 1
1817 1
1904 1
1790 1
1782 1
1736 1
3976 1
5764 1
1705 1
1760 1
-9229 -3
-3518 -2
-20392 -4
-17172 -1
-1843 -1
-3661 -2
-1825 -1
101831 1
102488 1
9193 1
1229 1
