2147483647C
673882 136
1975 1
1949 1
2196 1
2167 1
-3924 -2
1949 1
2167 1
-1949 -1
1965 1
2186 1
-1965 -1
1967 1
-1967 -1
2188 1
10237 1
10240 1
10240 1
10267 1
10239 1
10239 1
10263 1
10260 1
1949 1
-81985 -8
-1949 -1
2167 1
10240 1
2822 1
-13062 -2
3025 1
11182 1
-11182 -1
23067 1
29752 1
-23067 -1
1951 1
-1951 -1
2172 1
10245 1
-10245 -1
1955 1
-1955 -1
2176 1
10250 1
-10250 -1
2736 1
2939 1
-2736 -1
27805 1
-27805 -1
34628 1
16886 1
21162 1
-16886 -1
1957 1
2752 1
10247 1
11161 1
2172 1
-26117 -4
2955 1
11173 1
-11173 -1
47205 1
1949 1
10239 1
-12188 -2
2167 1
2718 1
-2718 -1
2921 1
1951 1
11154 1
10238 1
-23343 -3
2169 1
1971 1
10258 1
2722 1
27918 1
1997 1
2722 1
2722 1
10287 1
11160 1
34747 1
-71757 -9
2188 1
2917 1
2217 1
2917 1
2917 1
1969 1
10295 1
1977 1
10311 1
1957 1
10293 1
18876 1
2730 1
11196 1
2730 1
1949 1
10274 1
11197 1
7460 1
1955 1
2730 1
45277 1
10292 1
11196 1
27708 1
40538 1
1971 1
10302 1
1955 1
1955 1
2758 1
10290 1
10286 1
11194 1
2770 1
11932 1
2716 1
27749 1
1949 1
11002 1
1957 1
1941 1
1955 1
1959 1
11918 1
11008 1
11005 1
27687 1
1963 1
11015 1
2758 1
1967 1
11017 1
11919 1
11008 1
2720 1
2724 1
11924 1
11916 1
1953 1
10999 1
27809 1
1947 1
1961 1
1965 1
1973 1
11014 1
10993 1
11019 1
11017 1
1953 1
1951 1
11003 1
48791 1
2728 1
28731 1
1943 1
11916 1
10988 1
1953 1
1941 1
2728 1
2724 1
1957 1
2710 1
11796 1
1953 1
1953 1
1951 1
1949 1
2734 1
1957 1
2724 1
1953 1
1973 1
5535 1
5466 1
5540 1
1959 1
2742 1
1953 1
43172 1
10863 1
10849 1
11781 1
11767 1
10866 1
11773 1
10864 1
11780 1
10871 1
11781 1
10880 1
10869 1
11745 1
1959 1
1963 1
10872 1
10868 1
1959 1
1965 1
1967 1
1955 1
1953 1
11777 1
10872 1
10877 1
10874 1
10862 1
1987 1
1959 1
1949 1
10852 1
28865 1
1967 1
67465 1
1969 1
10868 1
10903 1
10866 1
10874 1
10880 1
10875 1
2770 1
2718 1
1961 1
2768 1
2744 1
11791 1
11754 1
11757 1
11746 1
1949 1
10863 1
10864 1
1945 1
10853 1
1957 1
2746 1
23813 1
10865 1
11789 1
2752 1
1961 1
2726 1
28517 1
11780 1
10866 1
11792 1
2728 1
1951 1
1973 1
10883 1
11769 1
10861 1
12568 1
2738 1
1955 1
1955 1
1947 1
11802 1
10866 1
10870 1
10852 1
2738 1
1977 1
1945 1
29931 1
10854 1
11780 1
10894 1
1941 1
10841 1
1963 1
10870 1
2742 1
11787 1
1961 1
10870 1
1951 1
10861 1
29336 1
2732 1
11776 1
1947 1
10857 1
1977 1
6959 1
1977 1
2748 1
11814 1
2774 1
1957 1
11769 1
10863 1
1951 1
10861 1
28424 1
1971 1
21757 1
10876 1
1989 1
10903 1
1961 1
1945 1
1945 1
10853 1
10868 1
1969 1
1947 1
10874 1
10855 1
28848 1
1955 1
10867 1
2766 1
2766 1
11782 1
1965 1
10876 1
1953 1
10862 1
1963 1
10872 1
1973 1
1955 1
1963 1
10884 1
1957 1
10862 1
10868 1
10870 1
5465 1
28874 1
1995 1
2768 1
11793 1
10912 1
1967 1
10884 1
23800 1
1951 1
2720 1
11764 1
10859 1
2834 1
11827 1
28491 1
1959 1
10871 1
1955 1
1957 1
23486 1
15252 1
1965 1
1961 1
1953 1
10863 1
10870 1
10876 1
10876 1
10861 1
1981 1
1961 1
1949 1
1965 1
1949 1
1957 1
1967 1
1965 1
1965 1
2744 1
1959 1
1957 1
2748 1
1973 1
1961 1
1965 1
10904 1
10868 1
10882 1
10888 1
10867 1
1959 1
10879 1
10889 1
1963 1
10884 1
10885 1
11792 1
10873 1
11796 1
10882 1
10879 1
10887 1
1955 1
10871 1
1957 1
1951 1
1981 1
10905 1
1967 1
2732 1
1957 1
1953 1
10877 1
11781 1
10870 1
2734 1
11798 1
1959 1
10880 1
10890 1
10877 1
1957 1
10872 1
1951 1
1947 1
10870 1
28438 1
2726 1
10865 1
11783 1
2003 1
10928 1
1949 1
1957 1
1977 1
1965 1
1955 1
10886 1
10873 1
10892 1
10875 1
1965 1
1983 1
26040 1
1975 1
1961 1
1977 1
10875 1
10906 1
10887 1
10882 1
10904 1
2748 1
28397 1
2752 1
11804 1
2730 1
11786 1
11806 1
1969 1
24666 1
1957 1
28464 1
2738 1
10875 1
1947 1
10862 1
11799 1
1961 1
1955 1
2780 1
16104 1
1963 1
1965 1
10883 1
1955 1
11778 1
10875 1
1963 1
10871 1
10886 1
28209 1
1957 1
1959 1
25005 1
1951 1
10880 1
10880 1
24955 1
10865 1
1963 1
2722 1
11791 1
1959 1
10881 1
1963 1
1961 1
10880 1
10879 1
10883 1
28341 1
1963 1
2742 1
1955 1
11776 1
10872 1
2750 1
28412 1
11805 1
2746 1
1965 1
11795 1
10881 1
2780 1
7048 1
1977 1
5339 1
28419 1
11800 1
10899 1
2734 1
1957 1
1945 1
1971 1
28438 1
1975 1
1963 1
11781 1
10879 1
10860 1
10886 1
10898 1
10884 1
24386 1
2772 1
11804 1
2726 1
1963 1
23673 1
28267 1
3763 1
11804 1
2720 1
1949 1
1951 1
1955 1
1959 1
1967 1
1987 1
1963 1
1993 1
1979 1
1955 1
10899 1
10874 1
10867 1
10871 1
1959 1
1959 1
26953 1
11782 1
10880 1
10871 1
10881 1
10910 1
23720 1
1971 1
1949 1
2706 1
10893 1
10875 1
10922 1
10881 1
11777 1
10875 1
17317 1
1947 1
1957 1
1957 1
1965 1
10885 1
10867 1
10880 1
10874 1
28323 1
1957 1
1957 1
1943 1
1957 1
27207 1
1953 1
10877 1
10880 1
2778 1
24969 1
1955 1
1961 1
10859 1
10874 1
10873 1
11796 1
28190 1
5398 1
10884 1
10879 1
1973 1
1947 1
10862 1
10898 1
23734 1
18400 1
28469 1
1961 1
10888 1
1949 1
10869 1
17445 1
1959 1
10877 1
26323 1
24962 1
1993 1
10911 1
1973 1
2744 1
1965 1
22199 1
2750 1
16100 1
1959 1
10895 1
11824 1
11805 1
1957 1
10889 1
10885 1
10881 1
28910 1
2754 1
2754 1
11783 1
1979 1
1963 1
1975 1
27182 1
2748 1
10897 1
10884 1
10892 1
11801 1
1963 1
10884 1
5358 1
1955 1
1955 1
1951 1
10878 1
10866 1
1961 1
10875 1
20453 1
7527 1
24949 1
5468 1
1985 1
