2147483647C
0 0
71276 1
39316 1
31565 1
37082 1
38715 1
31433 1
39851 1
36276 1
29981 1
31278 1
22447 1
12018 1
34945 1
35157 1
39437 1
39212 1
33890 1
21811 1
34491 1
39308 1
40927 1
37770 1
10035 1
1611 1
28843 1
5203 1
37067 1
1945 1
1945 1
1971 1
2705 1
986 1
2705 1
2685 1
2681 1
2673 1
2651 1
2645 1
2665 1
2643 1
2685 1
2689 1
1997 1
1979 1
1987 1
1983 1
1961 1
2695 1
1963 1
1971 1
2004 1
1990 1
2010 1
2020 1
2702 1
1988 1
2702 1
1615 1
4000 1
1131 1
1787 1
1998 1
1986 1
1131 1
-1131 -1
38706 1
2750 1
1992 1
2817 1
1958 1
1950 1
1278 1
2733 1
1952 1
52344 1
1956 1
1950 1
2707 1
1996 1
1956 1
2741 1
1962 1
2725 1
1952 1
1954 1
1954 1
1952 1
1962 1
37759 1
1950 1
1962 1
2759 1
1998 1
1948 1
1956 1
1942 1
1974 1
2751 1
2715 1
9644 1
1956 1
1956 1
1960 1
1938 1
1954 1
1970 1
1958 1
1940 1
1942 1
1944 1
14925 1
1942 1
1944 1
1944 1
5885 1
1970 1
1970 1
6628 1
1954 1
2763 1
1962 1
1962 1
1653 1
2759 1
1954 1
2729 1
2759 1
1950 1
1955 1
2754 1
1971 1
2744 1
1959 1
2760 1
2734 1
1945 1
1967 1
37510 1
1955 1
1969 1
2000 1
-2754 -1
1961 1
1945 1
1951 1
2742 1
1955 1
1955 1
1991 1
2778 1
2726 1
1953 1
1951 1
2728 1
1971 1
2746 1
1951 1
36842 1
1953 1
1941 1
-36842 -1
1961 1
2806 1
1955 1
1943 1
2748 1
4788 1
30217 1
1967 1
1951 1
1969 1
1973 1
-59514 -11
-39145 -16
-24984 -12
-150511 -30
-33939 -16
-33350 -15
-12567 -6
-26722 -10
-158376 -9
-1611 -1
-73799 -2
-182641 -5
-21811 -1
-237970 -7
17766 1
1969 1
1953 1
2782 1
1957 1
2762 1
1961 1
1961 1
1953 1
1955 1
2732 1
1947 1
1971 1
1973 1
2748 1
2740 1
1947 1
1989 1
1947 1
1951 1
1959 1
1955 1
1963 1
1963 1
1955 1
1959 1
2752 1
2782 1
1955 1
1949 1
1955 1
1951 1
1975 1
1949 1
1949 1
1965 1
1967 1
1949 1
2822 1
1951 1
1955 1
2736 1
1957 1
2752 1
1949 1
2718 1
1951 1
1971 1
2722 1
7717 1
12727 1
1997 1
2722 1
2722 1
1969 1
1977 1
1957 1
2730 1
2730 1
1949 1
1955 1
2730 1
1971 1
1955 1
1955 1
2758 1
2770 1
2716 1
1949 1
1957 1
1941 1
1955 1
1959 1
1963 1
2758 1
1967 1
2720 1
2724 1
1953 1
1947 1
1961 1
1965 1
1973 1
1953 1
1951 1
2728 1
1943 1
1953 1
1941 1
2728 1
2724 1
1957 1
2710 1
1953 1
1953 1
1951 1
1949 1
2734 1
1957 1
2724 1
1953 1
1973 1
1959 1
2742 1
1953 1
1959 1
1963 1
1959 1
1965 1
1967 1
1955 1
1953 1
1987 1
1959 1
1949 1
1967 1
1969 1
717 1
3250 1
2770 1
2718 1
1961 1
2768 1
2744 1
1949 1
1945 1
1957 1
2746 1
2752 1
1961 1
2726 1
2728 1
1951 1
1973 1
2738 1
1955 1
1955 1
1947 1
2738 1
1977 1
1945 1
1941 1
1963 1
2742 1
1961 1
1951 1
2732 1
1947 1
1977 1
1977 1
2748 1
2774 1
1957 1
1951 1
1971 1
5936 1
1989 1
1961 1
1945 1
1945 1
1969 1
1947 1
1955 1
2766 1
2766 1
1965 1
1953 1
1963 1
1973 1
1955 1
1963 1
1957 1
1995 1
2768 1
1967 1
1951 1
2720 1
2834 1
1959 1
1955 1
1957 1
1965 1
1961 1
1953 1
1981 1
1961 1
1949 1
1965 1
1949 1
1957 1
1967 1
1965 1
1965 1
2744 1
1959 1
1957 1
2748 1
1973 1
1961 1
1965 1
1959 1
1963 1
1955 1
1957 1
1951 1
1981 1
1967 1
2732 1
1957 1
1953 1
2734 1
1959 1
1957 1
1951 1
1947 1
2726 1
2003 1
1949 1
1957 1
1977 1
1965 1
1955 1
1965 1
1983 1
1975 1
1961 1
1977 1
2748 1
2752 1
2730 1
1969 1
1957 1
2738 1
1947 1
3529 1
1961 1
1955 1
2780 1
1963 1
1965 1
1955 1
1963 1
1957 1
1959 1
1951 1
1963 1
2722 1
1959 1
1963 1
1961 1
1963 1
2742 1
1955 1
2750 1
2746 1
1965 1
2780 1
1977 1
2734 1
1957 1
1945 1
1971 1
1975 1
1963 1
2772 1
2726 1
1963 1
2720 1
1949 1
1951 1
1955 1
1959 1
1967 1
1987 1
1963 1
1993 1
1979 1
1955 1
1959 1
1959 1
1971 1
1949 1
2706 1
7325 1
1947 1
4559 1
1957 1
1957 1
1965 1
5244 1
1957 1
1957 1
1943 1
1957 1
1953 1
2778 1
1955 1
1961 1
1973 1
1947 1
1961 1
1949 1
1959 1
1993 1
1973 1
2744 1
1965 1
2750 1
1959 1
1957 1
4329873 1
2754 1
2754 1
1979 1
1963 1
1975 1
2748 1
1963 1
13243 1
4335 1
1955 1
1955 1
1951 1
1961 1
1985 1
